Samples	Lontitude	Latitude	Time [hours since sample 1]	Temperature [°C]	Salinity [g/kg]	Density [kg/m3]	Chl [µg/m3]	CDOM [ppb]	Attenuation [1/m]
F001	-81.81666733	24.433385	0	24.2489	36.3814	1024.613186	762.68	85.37	0.250472365
F002	-81.83203283	24.4102795	0.366666667	24.2411	36.3832	1024.61689	744.49	84.65	0.038859392
F003	-81.837912	24.403154	0.5	24.2381	36.3877	1024.621198	751.22	84.22	0.036293793
F004	-81.88886583	24.344404	1.55	23.9713	36.4129	1024.720035	779.36	84.1	0.031400397
F005	-81.891348	24.34151267	1.6	23.9621	36.4162	1024.725276	773.75	84.33	0.031769804
F006	-81.893763	24.33851833	1.65	23.9627	36.4133	1024.722899	783.2	84.87	0.03170288
F007	-81.89828	24.3334365	1.733333333	23.9573	36.4181	1024.728145	784.08	84.63	0.030747326
F008	-81.8993975	24.33017083	1.783333333	24.0028	36.4327	1024.72565	787.19	84.57	0.02950839
F009	-82.09898533	24.33678167	12.18333333	23.9731	36.4151	1024.721166	833.53	85.02	0.016724021
F010	-82.09898533	24.33678167	12.18333333	23.9731	36.4151	1024.721166	833.53	85.02	0.016724021
F011	-82.09907133	24.34715783	12.31666667	23.9871	36.4177	1024.718965	822.53	83.92	0.016022678
F012	-82.10011433	24.3549385	12.41666667	24.0023	36.4194	1024.715722	819.51	83.78	0.015092189
F013	-82.11304	24.40621833	28.2	23.9875	36.4342	1024.731348	825.44	83.55	0.01573471
F014	-82.114997	24.408227	28.23333333	23.9872	36.4339	1024.73121	819.93	83.47	0.0158067
F015	-82.12133567	24.41582733	28.35	24.0023	36.4278	1024.722087	827.39	83.3	0.016580009
F016	-82.12344283	24.41741483	28.38333333	24.0043	36.4277	1024.721415	827.34	83.58	0.016761358
F017	-82.2342025	24.42550733	30.78333333	24.0056	36.4318	1024.724134	829.98	83.43	0.014457767
F018	-82.23623383	24.42593167	30.86666667	24.0042	36.4319	1024.724627	829.64	83.3	0.015718712
F019	-82.23788983	24.426201	30.93333333	24.0044	36.431	1024.723885	830.1	83.42	0.01789231
F020	-82.2379115	24.42648517	31.01666667	24.0059	36.4301	1024.722756	818.44	83.62	0.01823646
F021	-82.225519	24.432224	31.28333333	24.0121	36.4267	1024.718331	818.64	83.48	0.022438012
F022	-82.1971465	24.4401745	31.91666667	24.0387	36.4245	1024.708729	800.75	82.98	0.017268113
F023	-82.19958333	24.4165265	32.36666667	24.0272	36.4374	1024.721934	800.12	83.28	0.014577713
F024	-82.19516533	24.40610717	32.65	24.0165	36.4368	1024.724672	835.8	83.43	0.018047041
F025	-82.1928695	24.39570067	32.91666667	24.0132	36.4365	1024.725429	841.32	83.23	0.015305462
F026	-82.1947325	24.38410983	33.16666667	24.0195	36.4316	1024.719837	833.19	82.78	0.015564072
F027	-82.19529117	24.38064733	33.23333333	24.0224	36.4288	1024.71685	829.73	83.08	0.015444096
F028	-82.19565567	24.37790067	33.28333333	24.0226	36.4268	1024.715275	836.19	83.38	0.015334788
F029	-82.1996245	24.36602933	33.51666667	24.0151	36.4192	1024.711754	820.05	83.85	0.015793368
F030	-82.2154685	24.35818333	34.31666667	24.0277	36.4238	1024.711481	807.12	83.83	0.01333045
F031	-82.24294817	24.35056633	37	24.2943	36.3906	1024.606525	822.17	83.53	0.021500689
F032	-82.23722	24.34123333	37.15	24.3759	36.3897	1024.581308	826.49	83.35	0.022683729
F033	-82.231626	24.33029333	37.31666667	24.407	36.3894	1024.571716	812.95	83.3	0.025376916
F034	-82.22787	24.3234755	37.41666667	24.4506	36.3893	1024.558498	820.15	83.08	0.024409511
F035	-82.22422967	24.3162425	37.51666667	24.4699	36.3873	1024.551162	829.59	82.95	0.024837065
F036	-82.2188215	24.30552083	37.66666667	24.4974	36.3872	1024.542786	824.17	83.12	0.0247275
F037	-82.21596633	24.29926883	37.75	24.4741	36.3854	1024.548456	821.66	83.22	0.024241175
F038	-82.21369517	24.293219	37.83333333	24.4601	36.3858	1024.552983	808.75	82.75	0.02431599
F039	-82.2562325	24.2853215	40.41666667	24.3272	36.3695	1024.580661	861.32	83.52	0.027537051
F040	-82.25101717	24.27639517	40.56666667	24.311	36.3664	1024.583182	876.41	83.67	0.026018418
F041	-82.247082	24.26946917	40.7	24.5114	36.3775	1024.531215	858.98	82.82	0.026245642
F042	-82.24227583	24.26158833	40.88333333	24.4839	36.3753	1024.537852	857.49	82.93	0.023728192
F043	-82.23683917	24.25498067	41.08333333	24.5624	36.3739	1024.513075	880.64	82.62	0.024746206
F044	-82.23025033	24.247581	41.26666667	24.536	36.372	1024.519619	887.39	82.38	0.028170876
F045	-82.223559	24.23867767	41.48333333	24.6367	36.3687	1024.486647	867.08	82.28	0.029361241
F046	-82.223559	24.23867767	41.48333333	24.6367	36.3687	1024.486647	867.08	82.28	0.029361241
F047	-82.21587333	24.23050583	41.71666667	24.689	36.3651	1024.468065	870.58	82.93	0.026946106
F048	-82.21591817	24.22307467	42.06666667	24.7304	36.3632	1024.45406	840.07	82.48	0.029101738
F049	-82.21728517	24.22318867	42.11666667	24.7249	36.363	1024.455579	837.19	83.2	0.029540495
F050	-82.218065	24.22328833	42.15	24.72	36.3633	1024.457294	837.56	82.53	0.028681753
F051	-82.2194675	24.22325583	42.2	24.7245	36.3635	1024.456079	830.83	82.72	0.027927497
F052	-82.2787185	24.2156295	44.86666667	24.6269	36.3675	1024.488708	829.1	83.13	0.025858033
F053	-82.276	24.20782033	45.08333333	24.6638	36.3658	1024.476238	842.61	82.85	0.028633605
F054	-82.27090683	24.2015405	45.25	24.6989	36.3642	1024.46438	841.95	83.32	0.029101738
F055	-82.26327683	24.19444217	45.5	24.7517	36.363	1024.447437	835.83	83.38	0.029396021
F056	-82.25161333	24.18693767	45.83333333	24.7639	36.3617	1024.442746	835.32	82.9	0.035361256
F057	-82.24214983	24.1782845	46.1	24.7659	36.3659	1024.445316	836.15	83.02	0.029460231
F058	-82.23486233	24.16458967	46.36666667	24.7808	36.3664	1024.441163	839.59	82.97	0.026039804
F059	-82.2338565	24.16263017	46.4	24.7733	36.3664	1024.443444	841.2	82.58	0.026617247
F060	-82.23287083	24.16087017	46.43333333	24.7639	36.3665	1024.446378	842.64	83.05	0.027074449
F061	-82.23176017	24.15961283	46.46666667	24.7478	36.3657	1024.450666	842.69	83.22	0.027058406
F062	-82.22962133	24.1579985	46.51666667	24.7283	36.3651	1024.456135	845.05	82.93	0.027162686
F063	-82.2277025	24.15878267	46.55	24.7285	36.3659	1024.45668	856.93	83.1	0.028794102
F064	-82.2646155	24.15045717	48.75	24.5287	36.3907	1024.53598	843.07	83.2	0.025989014
F065	-82.26293683	24.14101167	48.88333333	24.5431	36.3877	1024.529357	843.88	83.23	0.026865894
F066	-82.2614025	24.13239283	49	24.5345	36.3834	1024.528701	844.61	83.1	0.025133707
F067	-82.2599565	24.12552567	49.1	24.5464	36.384	1024.525559	842.86	83.02	0.025553319
F068	-82.259413	24.11673183	49.21666667	24.5897	36.3855	1024.513596	851.51	82.98	0.025863379
F069	-82.2570355	24.109947	49.33333333	24.6285	36.3843	1024.500939	842.93	83.07	0.025804573
F070	-82.23182233	24.10190533	49.71666667	24.6419	36.377	1024.491353	839.92	82.97	0.02828321
F071	-82.22156317	24.09578867	49.95	24.8098	36.3616	1024.428709	820.93	82.52	0.028877027
F072	-82.22156317	24.09578867	49.95	24.8098	36.3616	1024.428709	820.93	82.52	0.028877027
F073	-82.22961933	24.09598783	50.65	24.8584	36.3548	1024.408765	821.47	82.48	0.013319792
F074	-82.23069383	24.09681583	50.7	24.8553	36.3555	1024.410239	826.46	82.13	0.013655554
F075	-82.23166333	24.09759117	50.75	24.8524	36.3556	1024.411198	823.95	82.2	0.013812786
F076	-82.232586	24.09836617	50.8	24.8497	36.3562	1024.412474	823.76	82.43	0.013834106
F077	-82.24076283	24.08045	56.56666667	24.5195	36.3845	1024.534067	802.56	83.32	0.013087972
F078	-82.237188	24.07372083	56.7	24.4742	36.3911	1024.552741	805.56	83.17	0.012933434
F079	-82.2332255	24.06678467	56.83333333	24.432	36.3982	1024.570845	800.49	83.15	0.014076629
F080	-82.22705267	24.05682133	57.03333333	24.3019	36.4144	1024.622266	804.02	83.75	0.014041982
F081	-82.22410967	24.05001583	57.16666667	24.1934	36.4213	1024.660046	795.61	83.85	0.014457767
F082	-82.22163333	24.0423565	57.3	24.1049	36.4286	1024.692063	804.47	84.05	0.013687533
F083	-82.21971133	24.03284017	57.48333333	24.063	36.4283	1024.704354	827.07	83.45	0.017406815
F084	-82.220524	24.02043317	58.06666667	24.1391	36.4273	1024.68085	815.76	83.22	0.012936098
F085	-82.220524	24.02043317	58.06666667	24.1391	36.4273	1024.68085	815.76	83.22	0.012936098
F086	-82.25115167	24.01551733	60.41666667	24.321	36.4331	1024.630687	788.69	82.73	0.018055044
F087	-82.24913933	24.00791583	60.53333333	24.3832	36.4275	1024.607732	795.47	82.62	0.019303781
F088	-82.24787583	23.99819117	60.65	24.4126	36.4238	1024.596074	798.83	82.6	0.019092963
F089	-82.2470805	23.9911995	60.73333333	24.4088	36.4231	1024.596689	784.95	82.48	0.018650013
F090	-82.243205	23.98295717	60.85	24.3793	36.4152	1024.599593	791.63	82.93	0.021076162
F091	-82.24134283	23.974954	60.95	24.2999	36.4119	1024.620974	791.32	83.28	0.021236356
F092	-82.238757	23.96644383	61.08333333	24.2831	36.418	1024.63064	797.92	83.8	0.018071051
F093	-82.22849783	23.96287717	62.91666667	24.3802	36.426	1024.607499	817.97	83.07	0.013322456
F094	-82.22871833	23.963252	62.96666667	24.3637	36.4261	1024.612542	814.27	83.25	0.012762915
F095	-82.22905417	23.963713	63.03333333	24.3621	36.4264	1024.613251	811.1	82.75	0.01319189
F096	-82.2293045	23.96403733	63.08333333	24.3583	36.4258	1024.61394	830.86	83.28	0.013370421
F097	-82.22907767	23.94804833	65.08333333	24.4054	36.4361	1024.607557	824.39	83.1	0.013834106
F098	-82.22284217	23.93703367	65.26666667	24.4269	36.4453	1024.608043	819.83	82.8	0.01680403
F099	-82.217106	23.92855967	65.48333333	24.4292	36.4501	1024.610984	846.83	82.78	0.01496423
F100	-82.2100075	23.9204645	65.81666667	24.4189	36.4531	1024.61636	807.92	82.82	0.018666023
F101	-82.202814	23.89688083	66.45	24.4271	36.464	1024.622142	786.66	82.48	0.013343774
F102	-82.202814	23.89688083	66.45	24.4271	36.464	1024.622142	786.66	82.48	0.013343774
F103	-82.1953165	23.881031	66.7	24.5316	36.4442	1024.575603	772.44	82.07	0.013786136
F104	-82.18900133	23.86898033	66.9	24.8763	36.4029	1024.439698	778.81	81.43	0.011841174
F105	-82.1879125	23.86700183	66.93333333	24.9577	36.392	1024.406608	777.73	81.28	0.011670702
F106	-82.11685383	23.89806567	70.75	25.3896	36.3224	1024.221327	802.49	81.13	0.017534852
F107	-82.09870917	23.894724	70.98333333	25.4641	36.3071	1024.18674	789.8	80.92	0.017070738
F108	-82.0879095	23.89229667	71.11666667	25.5304	36.2973	1024.158811	799.76	81.37	0.016700019
F109	-82.06824983	23.887904	71.36666667	25.5552	36.2892	1024.145005	788.14	81.3	0.017204099
F110	-82.05999267	23.88558583	71.48333333	25.5594	36.2859	1024.141209	788.32	81.18	0.016614678
F111	-82.04618667	23.88157167	71.66666667	25.4606	36.2913	1024.175882	790.98	81.1	0.015804034
F112	-82.0369195	23.8798305	71.8	25.3804	36.2957	1024.203986	781.9	80.95	0.017662893
F113	-81.96009783	23.86552283	72.8	25.6813	36.2724	1024.093163	786.22	82.93	0.010794484
F114	-81.9585785	23.86527517	72.81666667	25.6952	36.2705	1024.087405	789	82.78	0.010818451
F115	-81.95708283	23.86506767	72.83333333	25.7018	36.27	1024.084974	792.56	82.62	0.010741224
F116	-81.95400317	23.864781	72.86666667	25.7006	36.2699	1024.085272	780.39	82.35	0.010453636
F117	-81.951016	23.864306	72.9	25.7156	36.2683	1024.079396	783.24	82.27	0.01060009
F118	-81.94804383	23.86400733	72.93333333	25.7364	36.2658	1024.071034	779.83	82.15	0.010821114
F119	-81.91044317	23.86257483	73.35	25.8197	36.2536	1024.035858	783.63	81.73	0.009066579
F120	-81.89106167	23.86148183	73.58333333	25.8491	36.2501	1024.02404	784.69	82.4	0.008848314
F121	-81.88009533	23.85725617	73.83333333	25.8638	36.2489	1024.018544	786.59	82	0.008092465
F122	-81.8590425	23.8475805	74.21666667	25.8557	36.2468	1024.019487	791.17	81.9	0.00848634
F123	-81.800302	23.99727367	78.81666667	25.7316	36.2578	1024.066485	795.46	82.8	0.002406888
F124	-81.788811	23.98836783	79.13333333	25.6771	36.2635	1024.087745	800.97	82.67	0.002659349
F125	-81.78011	23.98311267	79.36666667	25.6884	36.2625	1024.083476	804.76	82.65	0.003882021
F126	-81.76690767	23.9735135	79.66666667	25.8136	36.2517	1024.036326	768.54	83.08	0.003783662
F127	-81.75355933	23.96572783	79.95	25.9722	36.2386	1023.976869	779.53	82.75	0.000857919
F128	-81.73924867	23.960681	80.26666667	25.9976	36.2286	1023.961363	782.17	83.05	0.000130137
F129	-81.73209083	23.958555	80.46666667	26.0529	36.2237	1023.940328	796.14	82.65	0.00102793
F130	-81.715064	23.97261767	81.38333333	26.1019	36.2199	1023.922078	790.85	82.8	0.004634416
F131	-81.71454533	23.97360417	81.41666667	26.0973	36.2202	1023.923749	799.78	82.65	0.004666323
F132	-81.71390317	23.97495633	81.46666667	26.0954	36.2195	1023.923818	794.76	82.43	0.004320679
F133	-81.71329783	23.97594283	81.5	26.0911	36.2207	1023.926074	784.76	82.68	0.004325997
F134	-81.6745195	23.9817885	83.75	26.1995	36.2201	1023.89154	774.39	81.67	0.005317809
F135	-81.673085	23.982123	83.81666667	26.2047	36.2188	1023.888921	770.59	81.95	0.005958762
F136	-81.671703	23.982654	83.88333333	26.211	36.2177	1023.886107	759.25	82.08	0.006299226
F137	-81.6706845	23.98313317	83.93333333	26.209	36.217	1023.886209	747.15	81.97	0.00646681
F138	-81.66936033	23.98367283	84	26.2044	36.2165	1023.88728	755.12	82.1	0.006506711
F139	-81.66826283	23.98395233	84.05	26.2064	36.2169	1023.886952	767.51	81.43	0.006786035
F140	-81.59629133	23.94196617	85.7	26.3411	36.1963	1023.828927	783.32	83.15	0.014204559
F141	-81.59535	23.94054033	85.71666667	26.3477	36.1962	1023.826767	776.85	83	0.014756306
F142	-81.59446733	23.93912467	85.73333333	26.3494	36.1958	1023.825928	775.97	83.23	0.015390775
F143	-81.59174667	23.93499817	85.78333333	26.352	36.1961	1023.825333	781.17	82.95	0.01496423
F144	-81.58743583	23.92816017	85.86666667	26.3872	36.1974	1023.815188	777.14	82.77	0.016558675
F145	-81.5758555	23.91139733	86.08333333	26.4027	36.1962	1023.80938	768.75	82.87	0.01534012
F146	-81.55879	23.88996483	86.36666667	26.4329	36.1998	1023.80254	777.88	83.12	0.013492999
F147	-81.55879	23.88996483	86.36666667	26.4329	36.1998	1023.80254	777.88	83.12	0.013492999